Dlib-INFO: Processing Face Detected!
(276.0, 278.0, 281.0, 286.0, 294.0, 304.0, 316.0, 330.0, 347.0, 363.0, 377.0, 388.0, 396.0, 401.0, 403.0, 403.0, 403.0, 283.0, 289.0, 301.0, 314.0, 326.0, 346.0, 358.0, 372.0, 384.0, 390.0, 338.0, 338.0, 339.0, 340.0, 325.0, 332.0, 340.0, 348.0, 354.0, 296.0, 303.0, 311.0, 320.0, 312.0, 304.0, 355.0, 363.0, 371.0, 378.0, 371.0, 363.0, 317.0, 326.0, 334.0, 341.0, 347.0, 355.0, 363.0, 356.0, 349.0, 342.0, 336.0, 327.0, 321.0, 335.0, 341.0, 347.0, 359.0, 348.0, 342.0)
(234.0, 251.0, 267.0, 284.0, 299.0, 312.0, 322.0, 328.0, 328.0, 325.0, 316.0, 304.0, 290.0, 275.0, 259.0, 243.0, 227.0, 218.0, 205.0, 200.0, 200.0, 204.0, 204.0, 198.0, 197.0, 202.0, 214.0, 217.0, 229.0, 240.0, 252.0, 262.0, 264.0, 265.0, 262.0, 259.0, 229.0, 225.0, 224.0, 226.0, 230.0, 231.0, 225.0, 222.0, 223.0, 226.0, 228.0, 228.0, 290.0, 282.0, 277.0, 278.0, 276.0, 280.0, 287.0, 293.0, 295.0, 296.0, 296.0, 295.0, 289.0, 285.0, 285.0, 284.0, 286.0, 285.0, 287.0)
average
258.4925373134328
min
197.0
max
328.0

Dlib-INFO: Processing Face Detected!
(105.0, 110.0, 116.0, 124.0, 137.0, 156.0, 179.0, 202.0, 227.0, 249.0, 263.0, 272.0, 276.0, 277.0, 276.0, 272.0, 268.0, 126.0, 137.0, 154.0, 174.0, 194.0, 212.0, 227.0, 242.0, 255.0, 262.0, 207.0, 211.0, 215.0, 219.0, 197.0, 208.0, 219.0, 227.0, 235.0, 147.0, 156.0, 168.0, 179.0, 168.0, 157.0, 227.0, 238.0, 248.0, 255.0, 247.0, 238.0, 188.0, 200.0, 213.0, 223.0, 231.0, 242.0, 250.0, 243.0, 234.0, 225.0, 216.0, 202.0, 194.0, 214.0, 223.0, 232.0, 246.0, 233.0, 224.0)
(188.0, 208.0, 228.0, 246.0, 261.0, 270.0, 274.0, 276.0, 275.0, 272.0, 264.0, 251.0, 235.0, 217.0, 199.0, 182.0, 166.0, 148.0, 132.0, 124.0, 123.0, 126.0, 128.0, 124.0, 126.0, 132.0, 143.0, 143.0, 153.0, 162.0, 172.0, 190.0, 192.0, 192.0, 190.0, 189.0, 157.0, 150.0, 149.0, 155.0, 156.0, 157.0, 154.0, 149.0, 150.0, 157.0, 157.0, 155.0, 224.0, 211.0, 204.0, 206.0, 204.0, 210.0, 222.0, 226.0, 228.0, 229.0, 229.0, 228.0, 222.0, 216.0, 216.0, 216.0, 220.0, 217.0, 218.0)
average
192.43283582089552
min
123.0
max
276.0


Dlib-INFO: Processing Face Detected!
(104.0, 108.0, 114.0, 122.0, 135.0, 154.0, 177.0, 202.0, 227.0, 249.0, 263.0, 273.0, 277.0, 276.0, 275.0, 272.0, 268.0, 127.0, 138.0, 156.0, 175.0, 194.0, 214.0, 229.0, 243.0, 255.0, 262.0, 208.0, 212.0, 215.0, 220.0, 197.0, 208.0, 219.0, 226.0, 234.0, 147.0, 157.0, 168.0, 179.0, 169.0, 158.0, 227.0, 238.0, 248.0, 255.0, 248.0, 238.0, 185.0, 199.0, 211.0, 221.0, 231.0, 242.0, 251.0, 243.0, 234.0, 224.0, 214.0, 201.0, 191.0, 212.0, 222.0, 231.0, 247.0, 233.0, 223.0)
(185.0, 205.0, 225.0, 243.0, 260.0, 270.0, 274.0, 277.0, 276.0, 272.0, 264.0, 250.0, 233.0, 215.0, 198.0, 181.0, 166.0, 146.0, 132.0, 124.0, 123.0, 126.0, 127.0, 126.0, 127.0, 133.0, 143.0, 143.0, 152.0, 161.0, 172.0, 191.0, 192.0, 192.0, 191.0, 189.0, 157.0, 150.0, 149.0, 155.0, 157.0, 158.0, 155.0, 150.0, 151.0, 158.0, 158.0, 157.0, 224.0, 212.0, 206.0, 208.0, 206.0, 211.0, 222.0, 226.0, 228.0, 229.0, 229.0, 227.0, 223.0, 217.0, 217.0, 216.0, 220.0, 217.0, 218.0)
average
192.46268656716418
min
123.0
max
277.0

